4.759358
4.759358
4.700855
4.700855
4.700855
4.700855
4.700855
4.700855
4.700855
4.759358
4.700855
4.700855
4.700855
4.700855
4.700855
4.700855
4.700855
4.700855
4.700855
4.700855
4.700855
4.642476
4.700855
4.642476
4.700855
4.700855
4.700855
4.700855
4.642476
4.642476
4.700855
4.700855
4.700855
4.700855
4.642476
4.642476
4.642476
4.700855
4.700855
4.642476
4.642476
4.700855
4.642476
4.642476
4.642476
4.642476
4.642476
4.642476
4.642476
4.642476
4.642476
4.642476
4.642476
4.642476
4.642476
4.642476
4.642476
4.584222
4.642476
4.642476
4.642476
4.642476
4.642476
4.642476
4.584222
4.642476
4.584222
4.584222
4.584222
4.642476
4.642476
4.584222
4.584222
4.584222
4.584222
4.584222
4.584222
4.584222
4.584222
4.584222
4.584222
4.584222
4.584222
4.584222
4.584222
4.584222
4.584222
4.526092
4.526092
4.584222
4.526092
4.584222
4.584222
4.584222
4.584222
4.584222
4.526092
4.584222
4.526092
4.526092
4.584222
4.526092
4.526092
4.584222
4.526092
4.526092
4.584222
4.526092
4.526092
4.526092
4.526092
4.526092
4.526092
4.526092
4.526092
4.526092
4.526092
4.526092
4.526092
4.526092
4.526092
4.526092
4.526092
4.526092
4.526092
4.468085
4.468085
4.526092
4.526092
4.526092
4.468085
4.468085
4.468085
4.526092
4.526092
4.526092
4.468085
4.468085
4.468085
4.468085
4.468085
4.468085
4.468085
4.468085
4.468085
4.468085
4.468085
4.468085
4.468085
4.526092
4.468085
4.468085
4.468085
4.468085
4.468085
4.468085
4.468085
4.468085
4.468085
4.468085
4.468085
4.410202
4.468085
4.410202
4.468085
4.468085
4.468085
4.468085
4.410202
4.468085
4.410202
4.468085
4.410202
4.410202
4.410202
4.410202
4.410202
4.410202
4.410202
4.410202
4.410202
4.410202
4.410202
4.468085
4.410202
4.410202
4.410202
4.410202
4.410202
4.410202
4.410202
4.410202
4.410202
4.410202
4.410202
4.410202
4.410202
4.410202
4.410202
4.410202
4.410202
4.410202
4.410202
4.410202
4.410202
4.352442
4.352442
4.352442
4.410202
4.352442
4.352442
4.352442
4.410202
4.410202
4.352442
4.352442
4.352442
4.352442
4.352442
4.352442
4.352442
4.352442
4.410202
4.352442
4.352442
4.352442
4.352442
4.352442
4.352442
4.352442
4.352442
4.352442
4.352442
4.352442
4.352442
4.352442
4.352442
4.352442
4.352442
4.352442
4.294804
4.352442
4.352442
4.294804
4.294804
4.294804
4.294804
4.294804
4.294804
4.352442
4.294804
4.294804
4.294804
4.294804
4.294804
4.352442
4.352442
4.294804
4.352442
4.294804
4.352442
4.294804
4.294804
4.294804
4.294804
4.294804
4.294804
4.294804
4.294804
4.294804
4.294804
4.294804
4.294804
4.294804
4.237288
4.294804
4.294804
4.237288
4.237288
4.294804
4.294804
4.294804
4.294804
4.294804
4.237288
4.294804
4.294804
4.294804
4.237288
4.237288
4.294804
4.294804
4.237288
4.237288
4.237288
4.237288
4.237288
4.237288
4.237288
4.237288
4.237288
4.237288
4.237288
4.237288
4.237288
4.237288
4.237288
4.237288
4.237288
4.237288
4.237288
4.237288
4.237288
4.237288
4.237288
4.237288
4.237288
4.237288
4.237288
4.237288
4.179894
4.237288
4.237288
4.179894
4.237288
4.237288
4.237288
4.179894
4.179894
4.237288
4.237288
4.237288
4.179894
4.179894
4.237288
4.237288
4.179894
4.179894
4.237288
4.237288
4.179894
4.179894
4.179894
4.179894
4.179894
4.179894
4.179894
4.179894
4.179894
4.179894
4.179894
4.179894
4.179894
4.179894
4.179894
4.179894
4.122622
4.122622
4.179894
4.237288
4.179894
4.179894
4.179894
4.179894
4.179894
4.122622
4.179894
4.122622
4.179894
4.179894
4.122622
4.179894
4.179894
4.179894
4.179894
4.179894
4.122622
4.179894
4.122622
4.179894
4.122622
4.122622
4.179894
4.122622
4.122622
4.122622
4.122622
4.179894
4.122622
4.122622
4.122622
4.122622
4.122622
4.122622
4.122622
4.122622
4.122622
4.122622
4.179894
4.122622
4.122622
4.122622
4.122622
4.179894
4.122622
4.122622
4.122622
4.122622
4.122622
4.122622
4.179894
4.122622
4.122622
4.122622
4.122622
4.179894
4.237288
4.179894
4.179894
4.237288
4.237288
4.237288
4.179894
4.179894
4.237288
4.237288
4.237288
4.237288
4.179894
4.237288
4.237288
4.179894
4.237288
4.237288
4.179894
4.179894
4.179894
4.179894
4.179894
4.179894
4.179894
4.179894
4.179894
4.179894
4.179894
4.179894
4.122622
4.179894
4.179894
4.179894
4.179894
4.179894
4.179894
4.122622
4.179894
4.179894
4.179894
4.179894
4.122622
4.122622
4.122622
4.179894
4.122622
4.179894
4.122622
4.122622
4.122622
4.122622
4.122622
4.179894
4.122622
4.122622
4.122622
4.179894
4.179894
4.122622
4.122622
4.122622
4.122622
4.122622
4.122622
4.122622
4.122622
4.065470
4.122622
4.122622
4.122622
4.122622
4.179894
4.122622
4.122622
4.122622
4.122622
4.122622
4.122622
4.122622
4.122622
4.122622
4.065470
4.122622
4.065470
4.065470
4.065470
4.122622
4.122622
4.122622
4.122622
4.122622
4.122622
4.065470
4.065470
4.122622
4.122622
4.065470
4.122622
4.065470
4.065470
4.065470
4.065470
4.065470
4.122622
4.065470
4.065470
4.065470
4.065470
4.065470
4.065470
4.065470
4.065470
4.065470
4.065470
4.065470
4.065470
4.122622
4.065470
4.065470
4.065470
4.065470
4.065470
4.122622
4.065470
4.065470
4.065470
4.065470
4.008439
4.065470
4.065470
4.065470
4.065470
4.065470
4.065470
4.065470
4.065470
4.065470
4.065470
4.065470
4.008439
4.065470
4.065470
4.065470
4.065470
4.065470
4.122622
4.065470
4.065470
4.065470
4.065470
4.065470
4.065470
4.065470
4.065470
4.065470
4.065470
4.065470
4.122622
4.065470
4.122622
4.065470
4.065470
4.122622
4.065470
4.065470
4.065470
4.065470
4.122622
4.065470
4.065470
4.065470
4.122622
4.122622
4.065470
4.065470
4.065470
4.065470
4.065470
4.065470
4.065470
4.065470
4.065470
4.065470
4.122622
4.065470
4.065470
4.065470
4.122622
4.122622
4.065470
4.065470
4.065470
4.008439
4.065470
4.065470
4.065470
4.065470
4.065470
4.008439
4.065470
4.065470
4.065470
4.008439
4.008439
4.008439
4.008439
4.065470
4.065470
4.065470
4.065470
4.008439
4.065470
4.008439
4.008439
4.008439
4.008439
4.065470
4.065470
4.008439
4.008439
4.008439
4.008439
4.008439
4.008439
4.065470
4.065470
4.008439
4.008439
4.008439
4.065470
4.008439
4.008439
4.008439
4.008439
4.008439
4.008439
4.008439
4.008439
4.008439
4.008439
4.008439
4.008439
4.008439
4.008439
4.008439
4.008439
4.008439
4.008439
4.008439
4.008439
4.008439
4.008439
4.008439
4.008439
4.008439
4.008439
4.008439
4.008439
4.008439
4.008439
3.951528
4.008439
4.008439
4.008439
4.008439
4.008439
4.008439
4.008439
4.008439
4.008439
4.008439
4.008439
4.008439
3.951528
4.008439
4.008439
4.065470
4.008439
4.008439
4.008439
4.008439
4.008439
4.008439
4.008439
3.951528
4.008439
4.008439
4.008439
4.008439
3.951528
4.008439
4.008439
4.008439
4.008439
4.008439
4.008439
4.008439
4.008439
3.951528
3.951528
3.951528
3.951528
4.008439
4.008439
4.008439
3.951528
4.008439
3.951528
4.008439
4.008439
4.008439
3.951528
3.951528
3.951528
3.951528
3.951528
4.008439
3.951528
3.951528
3.951528
4.008439
3.951528
3.951528
3.951528
3.951528
3.951528
3.951528
3.951528
3.951528
3.951528
4.008439
3.951528
3.951528
3.951528
4.008439
3.951528
3.951528
3.951528
3.951528
3.951528
3.951528
3.951528
3.951528
3.951528
3.951528
4.008439
3.951528
3.951528
3.951528
3.951528
3.951528
3.951528
3.951528
3.951528
3.951528
3.951528
4.008439
3.951528
4.008439
3.951528
4.008439
3.951528
3.951528
3.951528
4.008439
3.951528
4.008439
4.008439
4.008439
3.951528
3.951528
3.951528
3.951528
3.951528
4.008439
3.951528
3.951528
3.951528
4.008439
4.008439
3.951528
3.951528
3.951528
3.951528
4.008439
4.008439
3.951528
4.008439
3.951528
3.951528
3.951528
4.008439
4.008439
4.008439
3.951528
4.008439
3.951528
3.951528
4.008439
4.008439
3.951528
3.951528
3.951528
3.951528
3.951528
3.951528
3.951528
3.951528
3.951528
3.951528
4.008439
3.951528
3.951528
3.951528
3.951528
3.951528
4.008439
3.951528
3.951528
3.951528
3.951528
3.951528
3.951528
3.951528
3.951528
3.951528
3.951528
3.951528
3.894737
3.951528
3.951528
3.951528
3.951528
3.951528
3.951528
3.951528
3.894737
3.951528
3.951528
3.951528
3.894737
3.951528
3.951528
3.894737
3.951528
3.951528
3.894737
3.894737
3.951528
3.951528
3.894737
3.951528
3.951528
3.951528
3.951528
3.951528
3.894737
3.951528
3.951528
3.951528
3.951528
3.894737
3.894737
3.951528
3.894737
3.951528
3.894737
3.951528
3.951528
3.894737
3.951528
3.894737
3.894737
3.951528
3.894737
3.894737
3.894737
3.894737
3.951528
3.894737
3.894737
3.894737
3.951528
3.894737
3.894737
3.894737
3.894737
3.894737
3.894737
3.894737
3.894737
3.894737
3.894737
3.894737
3.951528
3.894737
3.894737
3.894737
3.894737
3.894737
3.894737
3.894737
3.894737
3.894737
3.894737
3.838065
3.894737
3.894737
3.951528
3.894737
3.894737
3.894737
3.894737
3.894737
3.894737
3.894737
3.894737
3.894737
3.894737
3.894737
3.894737
3.894737
3.894737
3.894737
3.894737
3.894737
3.838065
3.894737
3.894737
3.894737
3.894737
3.894737
3.838065
3.894737
3.838065
3.894737
3.894737
3.894737
3.894737
3.838065
3.894737
3.894737
3.838065
3.838065
3.894737
3.894737
3.894737
3.894737
3.894737
3.838065
3.894737
3.894737
3.838065
3.838065
3.894737
3.894737
3.894737
3.838065
3.894737
3.838065
3.894737
3.894737
3.894737
3.894737
3.894737
3.894737
3.894737
3.838065
3.951528
3.894737
3.894737
3.894737
3.894737
3.894737
3.894737
3.894737
3.894737
3.894737
3.894737
3.951528
3.894737
3.894737
3.894737
3.894737
3.894737
3.894737
3.894737
3.894737
3.951528
3.894737
3.894737
3.838065
3.894737
3.894737
3.894737
3.894737
3.894737
3.838065
3.894737
3.894737
3.894737
3.894737
3.894737
3.894737
3.894737
3.894737
3.894737
3.894737
3.951528
3.951528
3.894737
3.951528
3.951528
4.008439
3.951528
3.951528
3.951528
4.008439
4.008439
3.951528
3.951528
4.008439
3.951528
4.008439
4.008439
4.008439
4.008439
4.008439
4.008439
4.008439
4.008439
4.008439
4.008439
4.008439
4.008439
4.008439
4.008439
4.008439
4.008439
4.008439
4.008439
3.951528
3.951528
3.951528
4.008439
4.008439
3.951528
3.951528
3.951528
3.951528
4.008439
3.951528
3.951528
3.951528
3.951528
4.008439
3.951528
3.951528
3.951528
3.951528
3.951528
3.951528
3.951528
3.951528
3.951528
3.951528
3.951528
3.951528
3.894737
3.894737
3.951528
3.951528
3.951528
3.951528
3.894737
3.951528
3.951528
3.951528
3.951528
3.951528
3.951528
3.951528
3.894737
3.894737
3.951528
3.951528
3.951528
3.951528
3.951528
3.951528
3.951528
3.894737
3.951528
3.951528
3.951528
3.951528
3.951528
3.894737
3.894737
3.951528
3.894737
3.894737
3.894737
3.951528
3.894737
3.894737
3.894737
3.951528
3.951528
3.894737
3.894737
3.894737
3.894737
3.894737
3.894737
3.894737
3.951528
3.894737
3.951528
3.894737
3.951528
3.894737
3.894737
3.894737
3.894737
3.894737
3.951528
3.894737
3.951528
3.951528
3.894737
3.951528
3.894737
3.951528
3.894737
3.951528
3.894737
3.951528
3.951528
3.951528
3.951528
3.894737
3.894737
3.951528
3.894737
3.894737
3.894737
3.951528
3.951528
3.894737
3.951528
3.894737
3.894737
3.894737
3.951528
3.894737
3.951528
3.894737
3.894737
3.951528
3.894737
3.894737
3.894737
3.894737
3.894737
3.894737
3.894737
3.894737
3.894737
3.894737
3.838065
3.894737
3.838065
3.894737
3.894737
3.838065
3.894737
3.894737
3.894737
3.894737
3.894737
3.894737
3.838065
3.894737
3.894737
3.894737
3.894737
3.894737
3.894737
3.894737
3.894737
3.894737
3.894737
3.894737
3.838065
3.894737
3.838065
3.894737
3.894737
3.894737
3.894737
3.894737
3.838065
3.838065
3.894737
3.894737
3.838065
3.838065
3.838065
3.838065
3.838065
3.894737
3.894737
3.838065
3.838065
3.894737
3.838065
3.894737
3.894737
3.838065
3.894737
3.838065
3.838065
3.894737
3.838065
3.894737
3.838065
3.894737
3.838065
3.838065
3.894737
3.894737
3.894737
3.838065
3.894737
3.894737
3.838065
3.894737
3.838065
3.838065
3.894737
3.838065
3.894737
3.838065
3.838065
3.894737
3.838065
3.894737
3.894737
3.894737
3.838065
3.894737
3.838065
3.838065
3.894737
3.838065
3.894737
3.894737
3.838065
3.838065
3.838065
3.838065
3.838065
3.894737
3.838065
3.894737
3.894737
3.838065
3.838065
3.838065
3.894737
3.894737
3.894737
3.838065
3.894737
3.838065
3.894737
3.838065
3.838065
3.838065
3.838065
3.838065
3.894737
3.838065
3.838065
3.894737
3.838065
3.838065
3.838065
3.838065
3.838065
3.781513
3.838065
3.838065
3.838065
3.838065
3.838065
3.838065
3.838065
3.838065
3.838065
3.894737
3.838065
3.838065
3.838065
3.838065
3.838065
3.838065
3.838065
3.838065
3.838065
3.838065
3.838065
3.838065
3.838065
3.838065
3.894737
3.838065
3.838065
3.838065
3.838065
3.838065
3.838065
3.838065
3.838065
3.838065
3.838065
3.838065
3.838065
3.838065
3.838065
3.838065
3.894737
3.894737
3.894737
3.838065
3.838065
3.894737
3.838065
3.894737
3.894737
3.838065
3.838065
3.838065
3.838065
3.838065
3.838065
3.838065
3.838065
3.838065
3.838065
3.838065
3.838065
3.838065
3.838065
3.838065
3.838065
3.894737
3.838065
3.838065
3.838065
3.838065
3.838065
3.838065
3.838065
3.838065
3.838065
3.838065
3.838065
3.838065
3.781513
3.838065
3.838065
3.838065
3.894737
3.894737
3.894737
3.894737
3.894737
3.894737
3.894737
3.894737
3.894737
3.894737
3.951528
3.951528
3.894737
3.951528
3.951528
3.951528
3.951528
3.894737
3.894737
3.894737
3.894737
3.951528
3.894737
3.894737
3.894737
3.951528
3.951528
3.894737
3.951528
3.894737
3.951528
3.951528
3.894737
3.951528
3.951528
3.951528
3.951528
3.951528
3.951528
3.894737
3.951528
3.951528
3.951528
3.951528
3.951528
3.894737
3.894737
3.951528
3.894737
3.951528
3.894737
3.894737
3.951528
3.951528
3.951528
3.894737
3.951528
3.951528
3.894737
3.894737
3.894737
3.894737
3.894737
3.894737
3.894737
3.951528
3.894737
3.894737
3.894737
3.894737
3.951528
3.951528
3.951528
3.894737
3.951528
3.951528
3.951528
3.951528
3.951528
3.951528
3.951528
3.951528
3.951528
4.008439
4.008439
3.951528
4.008439
4.008439
4.008439
3.951528
3.951528
3.951528
3.951528
3.951528
3.951528
3.951528
3.951528
3.951528
3.951528
3.951528
3.951528
3.951528
3.951528
3.951528
3.951528
3.951528
3.951528
3.951528
3.951528
3.951528
3.951528
3.894737
3.894737
3.951528
3.951528
3.894737
3.894737
3.894737
3.894737
3.894737
3.894737
3.894737
3.894737
3.894737
3.894737
3.894737
3.838065
3.894737
3.894737
3.894737
3.894737
3.894737
3.894737
3.894737
3.894737
3.894737
3.894737
3.838065
3.838065
3.894737
3.838065
3.838065
3.838065
3.894737
3.894737
3.838065
3.894737
3.838065
3.894737
3.894737
3.894737
3.838065
3.894737
3.838065
3.894737
3.894737
3.894737
3.894737
3.951528
3.894737
3.894737
3.951528
3.951528
3.951528
3.951528
3.951528
4.008439
4.008439
4.065470
4.065470
4.065470
4.122622
4.122622
4.179894
4.179894
4.179894
4.179894
4.237288
4.179894
4.237288
4.237288
4.237288
4.237288
4.237288
4.294804
4.294804
4.352442
4.352442
4.410202
4.468085
4.468085
4.526092
4.526092
4.584222
4.642476
4.700855
4.642476
4.700855
4.700855
4.700855
4.700855
4.759358
4.817987
4.876742
4.876742
4.994629
5.113025
5.231931
5.351351
5.531453
5.652174
5.834242
5.956284
6.140351
6.263736
6.387665
6.512141
6.574586
6.699889
6.825749
6.952169
7.015590
7.206704
7.399103
7.722661
7.984145
8.248009
8.581236
8.783008
9.054210
9.259259
9.534884
9.743291
10.023447
10.235294
10.448642
10.591716
10.807601
11.025030
11.244019
11.464586
11.761158
11.985472
12.287105
12.515263
12.668299
12.822086
12.976630
13.209877
13.366337
13.523573
13.681592
13.920100
14.160401
14.402516
14.564943
14.728192
14.892269
15.139949
15.222930
15.306122
15.389527
15.473146
15.641026
15.809769
15.894466
15.979381
16.149871
16.235446
16.235446
16.321244
16.407263
16.493506
16.579974
16.666667
16.753585
16.840731
16.928105
17.015707
17.015707
17.103539
17.103539
17.103539
17.103539
17.103539
17.103539
17.103539
17.103539
17.015707
17.015707
17.103539
17.103539
17.103539
17.103539
17.191601
17.191601
17.191601
17.191601
17.279895
17.191601
17.191601
17.191601
17.191601
17.191601
17.191601
17.279895
17.279895
17.279895
17.191601
17.191601
17.191601
17.103539
17.191601
17.103539
17.015707
17.103539
17.103539
17.103539
17.103539
17.015707
17.103539
17.015707
17.103539
17.103539
17.191601
17.191601
17.279895
17.279895
17.279895
17.368421
17.368421
17.457181
17.368421
17.457181
17.546174
17.546174
17.546174
17.546174
17.635403
17.546174
17.546174
17.635403
17.635403
17.635403
17.724868
17.546174
17.724868
17.814570
17.814570
17.724868
17.724868
17.724868
17.724868
17.724868
17.724868
17.724868
17.635403
17.635403
17.546174
17.546174
17.546174
17.546174
17.457181
17.546174
17.457181
17.457181
17.457181
17.457181
17.457181
17.457181
17.457181
17.457181
17.368421
17.279895
17.368421
17.368421
17.368421
17.279895
17.368421
17.279895
17.279895
17.279895
17.191601
17.191601
17.191601
17.191601
17.191601
17.191601
17.103539
17.103539
17.103539
17.191601
17.191601
17.103539
17.191601
17.191601
17.279895
17.368421
17.457181
17.457181
17.457181
17.546174
17.635403
17.724868
17.814570
17.814570
17.904509
17.904509
17.994688
17.994688
18.085106
18.085106
18.175766
18.085106
18.175766
18.085106
18.175766
18.175766
18.175766
18.085106
18.175766
18.175766
18.085106
18.085106
18.085106
18.085106
18.085106
18.085106
18.085106
17.994688
17.994688
17.994688
17.904509
17.904509
17.814570
17.904509
17.814570
17.814570
17.814570
17.724868
17.724868
17.635403
17.546174
17.546174
17.546174
17.546174
17.457181
17.457181
17.457181
17.368421
17.457181
17.368421
17.368421
17.368421
17.368421
17.279895
17.279895
17.191601
17.279895
17.191601
17.191601
17.191601
17.191601
17.191601
17.191601
17.103539
17.103539
17.015707
17.015707
17.103539
17.103539
17.015707
17.103539
17.103539
17.103539
17.103539
17.015707
17.015707
17.015707
17.015707
16.928105
16.928105
16.928105
16.928105
16.840731
16.840731
16.840731
16.840731
16.840731
16.753585
16.840731
16.753585
16.753585
16.753585
16.753585
16.753585
16.666667
16.753585
16.753585
16.753585
16.666667
16.666667
16.666667
16.666667
16.666667
16.666667
16.579974
16.579974
16.579974
16.579974
16.493506
16.493506
16.579974
16.493506
16.493506
16.493506
16.493506
16.493506
16.493506
16.493506
16.493506
16.407263
16.493506
16.407263
16.407263
16.407263
16.407263
16.407263
16.407263
16.321244
16.407263
16.407263
16.407263
16.321244
16.321244
16.321244
16.321244
16.321244
16.321244
16.321244
16.321244
16.235446
16.321244
16.321244
16.321244
16.321244
16.407263
16.407263
16.407263
16.493506
16.493506
16.579974
16.753585
16.753585
16.840731
16.928105
17.103539
17.103539
17.191601
17.368421
17.368421
17.457181
17.546174
17.635403
17.724868
17.724868
17.814570
17.904509
17.904509
17.994688
17.994688
17.994688
17.994688
17.994688
17.994688
17.994688
17.994688
17.994688
17.904509
17.904509
17.904509
17.904509
17.904509
17.904509
17.814570
17.724868
17.724868
17.724868
17.635403
17.635403
17.635403
17.546174
17.546174
17.546174
17.457181
17.457181
17.368421
17.368421
17.279895
17.279895
17.279895
17.279895
17.191601
17.191601
17.191601
17.103539
17.103539
17.103539
17.015707
17.103539
17.015707
17.015707
17.015707
16.928105
16.928105
16.840731
16.840731
16.840731
16.840731
16.840731
16.840731
16.753585
16.753585
16.753585
16.753585
16.666667
16.753585
16.666667
16.666667
16.666667
16.579974
16.579974
16.666667
16.579974
16.579974
16.579974
16.579974
16.493506
16.493506
16.493506
16.493506
16.493506
16.407263
16.407263
16.407263
16.407263
16.407263
16.321244
16.321244
16.407263
16.407263
16.407263
16.321244
16.321244
16.321244
16.235446
16.321244
16.235446
16.235446
16.235446
16.235446
16.235446
16.235446
16.149871
16.149871
16.149871
16.149871
16.149871
16.149871
16.149871
16.149871
16.149871
16.064516
16.064516
16.064516
15.979381
16.064516
16.064516
16.064516
16.064516
16.064516
16.064516
15.979381
16.064516
15.979381
15.979381
15.979381
15.979381
15.894466
15.894466
15.894466
15.894466
15.894466
15.809769
15.809769
15.809769
15.809769
15.809769
15.809769
15.809769
15.725289
15.809769
15.725289
15.725289
15.641026
15.725289
15.725289
15.641026
15.641026
15.725289
15.641026
15.641026
15.641026
15.641026
15.641026
15.641026
15.641026
15.641026
15.641026
15.556978
15.641026
15.641026
15.556978
15.556978
15.556978
15.473146
15.556978
15.473146
15.473146
15.473146
15.473146
15.473146
15.473146
15.389527
15.389527
15.389527
15.389527
15.389527
15.389527
15.389527
15.389527
15.389527
15.306122
15.389527
15.306122
15.306122
15.306122
15.389527
15.306122
15.306122
15.306122
15.306122
15.306122
15.306122
15.306122
15.306122
15.306122
15.306122
15.306122
15.306122
15.306122
15.222930
15.306122
15.222930
15.222930
15.222930
15.222930
15.222930
15.222930
15.222930
15.222930
15.222930
15.139949
15.139949
15.222930
15.139949
15.057179
15.057179
15.057179
15.057179
15.057179
15.057179
15.057179
15.057179
15.057179
14.974619
14.974619
14.974619
14.974619
14.974619
14.974619
14.892269
14.974619
14.974619
14.892269
14.892269
14.892269
14.810127
14.810127
14.810127
14.810127
14.892269
14.810127
14.892269
14.810127
14.810127
14.810127
14.728192
14.810127
14.728192
14.810127
14.728192
14.728192
14.728192
14.646465
14.646465
14.728192
14.728192
14.646465
14.646465
14.646465
14.646465
14.564943
14.564943
14.564943
14.564943
14.564943
14.564943
14.483627
14.483627
14.483627
14.483627
14.483627
14.483627
14.483627
14.402516
14.402516
14.402516
14.402516
14.402516
14.321608
14.402516
14.321608
14.402516
14.321608
14.321608
14.321608
14.240903
14.321608
14.240903
14.240903
14.160401
14.160401
14.240903
14.160401
14.080100
14.160401
14.080100
14.160401
14.080100
14.160401
14.160401
14.080100
14.080100
14.080100
14.000000
14.080100
14.080100
14.000000
14.000000
14.000000
13.920100
13.920100
13.920100
13.920100
13.920100
13.920100
13.840399
13.840399
13.840399
13.920100
13.840399
13.840399
13.840399
13.840399
13.760897
13.840399
13.760897
13.681592
13.760897
13.681592
13.760897
13.760897
13.681592
13.681592
13.681592
13.681592
13.602484
13.602484
13.602484
13.602484
13.602484
13.523573
13.602484
13.523573
13.523573
13.523573
13.523573
13.444857
13.444857
13.444857
13.444857
13.444857
13.366337
13.444857
13.444857
13.366337
13.366337
13.366337
13.366337
13.366337
13.288010
13.288010
13.288010
13.288010
13.288010
13.209877
13.209877
13.209877
13.209877
13.131936
13.131936
13.131936
13.131936
13.131936
13.131936
13.131936
13.054187
13.054187
13.131936
13.131936
13.054187
13.054187
13.054187
12.976630
12.976630
12.976630
12.976630
12.976630
12.976630
12.976630
12.899263
12.899263
12.899263
12.822086
12.822086
12.822086
12.822086
12.822086
12.822086
12.822086
12.822086
12.822086
12.822086
12.822086
12.822086
12.822086
12.745098
12.745098
12.745098
12.745098
12.668299
12.668299
12.668299
12.668299
12.591687
12.591687
12.591687
12.591687
12.591687
12.591687
12.591687
12.591687
12.515263
12.515263
12.515263
12.515263
12.439024
12.439024
12.515263
12.439024
12.515263
12.439024
12.439024
12.439024
12.362972
12.362972
12.362972
12.362972
12.362972
12.362972
12.287105
12.287105
12.287105
12.287105
12.287105
12.287105
12.287105
12.287105
12.211422
12.211422
12.211422
12.211422
12.211422
12.135922
12.211422
12.211422
12.135922
12.135922
12.135922
12.211422
12.135922
12.135922
12.060606
12.135922
12.135922
12.060606
11.985472
12.060606
11.985472
12.060606
11.985472
11.985472
11.985472
11.985472
11.985472
11.985472
11.910520
11.835749
11.835749
11.910520
11.835749
11.835749
11.835749
11.835749
11.835749
11.835749
11.835749
11.835749
11.835749
11.761158
11.761158
11.686747
11.686747
11.686747
11.686747
11.686747
11.686747
11.686747
11.686747
11.686747
11.612515
11.612515
11.612515
11.612515
11.612515
11.612515
11.612515
11.538462
11.612515
11.538462
11.538462
11.538462
11.538462
11.464586
11.464586
11.464586
11.464586
11.464586
11.464586
11.390887
11.464586
11.464586
11.464586
11.390887
11.390887
11.390887
11.390887
11.390887
11.390887
11.390887
11.390887
11.317365
11.390887
11.317365
11.244019
11.390887
11.317365
11.317365
11.317365
11.244019
11.317365
11.317365
11.244019
11.244019
11.244019
11.244019
11.170848
11.244019
11.170848
11.170848
11.097852
11.170848
11.097852
11.097852
11.097852
11.170848
11.097852
11.025030
11.097852
11.025030
11.097852
11.025030
11.025030
11.025030
11.025030
11.025030
11.025030
10.952381
11.025030
10.952381
10.952381
10.952381
10.952381
10.952381
10.952381
10.879905
10.807601
10.879905
10.879905
10.879905
10.879905
10.879905
10.807601
10.879905
10.879905
10.807601
10.807601
10.735469
10.807601
10.807601
10.735469
10.735469
10.735469
10.735469
10.735469
10.735469
10.735469
10.735469
10.735469
10.663507
10.663507
10.663507
10.663507
10.663507
10.663507
10.591716
10.663507
10.591716
10.591716
10.591716
10.591716
10.520095
10.520095
10.520095
10.520095
10.520095
10.520095
10.520095
10.520095
10.448642
10.520095
10.448642
10.448642
10.448642
10.377358
10.448642
10.448642
10.448642
10.448642
10.448642
10.377358
10.377358
10.377358
10.377358
10.377358
10.377358
10.377358
10.377358
10.306243
10.306243
10.306243
10.306243
10.306243
10.306243
10.235294
10.235294
10.235294
10.235294
10.235294
10.235294
10.235294
10.164512
10.235294
10.235294
10.235294
10.164512
10.235294
10.164512
10.164512
10.093897
10.164512
10.093897
10.093897
10.093897
10.164512
10.164512
10.093897
10.093897
10.164512
10.023447
10.093897
10.093897
10.023447
10.023447
10.023447
10.023447
10.023447
10.023447
10.023447
9.953162
9.953162
9.953162
9.953162
9.953162
9.953162
9.953162
9.883041
9.883041
9.953162
9.883041
9.883041
9.883041
9.883041
9.883041
9.883041
9.883041
9.883041
9.883041
9.813084
9.813084
9.813084
9.813084
9.813084
9.813084
9.813084
9.743291
9.743291
9.813084
9.743291
9.743291
9.743291
9.743291
9.743291
9.743291
9.673660
9.743291
9.743291
9.673660
9.673660
9.673660
9.673660
9.673660
9.673660
9.604191
9.673660
9.604191
9.604191
9.604191
9.604191
9.534884
9.534884
9.534884
9.604191
9.534884
9.534884
9.534884
9.534884
9.534884
9.534884
9.534884
9.465738
9.534884
9.534884
9.465738
9.465738
9.465738
9.396752
9.396752
9.396752
9.396752
9.396752
9.396752
9.396752
9.396752
9.396752
9.396752
9.396752
9.396752
9.396752
9.396752
9.327926
9.327926
9.327926
9.327926
9.327926
9.327926
9.327926
9.259259
9.259259
9.259259
9.259259
9.259259
9.259259
9.259259
9.259259
9.259259
9.259259
9.190751
9.190751
9.190751
9.190751
9.190751
9.190751
9.122402
9.190751
9.122402
9.190751
9.190751
9.190751
9.190751
9.190751
9.122402
9.122402
9.122402
9.054210
9.054210
9.122402
9.054210
9.054210
9.054210
9.054210
9.054210
9.054210
9.054210
9.054210
9.054210
8.986175
9.054210
8.986175
8.986175
8.986175
9.054210
8.986175
8.986175
8.986175
8.918297
8.986175
8.918297
8.986175
8.850575
8.918297
8.850575
8.918297
8.918297
8.918297
8.918297
8.918297
8.850575
8.918297
8.850575
8.850575
8.850575
8.850575
8.850575
8.850575
8.850575
8.850575
8.850575
8.783008
8.783008
8.783008
8.783008
8.783008
8.715596
8.783008
8.783008
8.783008
8.715596
8.783008
8.783008
8.715596
8.783008
8.783008
8.783008
8.783008
8.715596
8.648339
8.648339
8.715596
8.648339
8.648339
8.648339
8.648339
8.648339
8.648339
8.581236
8.581236
8.648339
8.648339
8.581236
8.648339
8.581236
8.581236
8.581236
8.581236
8.581236
8.581236
8.514286
8.581236
8.581236
8.514286
8.514286
8.514286
8.514286
8.514286
8.514286
8.447489
8.447489
8.447489
8.447489
8.447489
8.514286
8.447489
8.514286
8.447489
8.514286
8.447489
8.447489
8.447489
8.447489
8.447489
8.380844
8.447489
8.380844
8.380844
8.314351
8.447489
8.380844
8.380844
8.380844
8.380844
8.380844
8.380844
8.314351
8.314351
8.314351
8.314351
8.380844
8.314351
8.314351
8.314351
8.314351
8.314351
8.314351
8.248009
8.248009
8.248009
8.248009
8.248009
8.248009
8.248009
8.248009
8.248009
8.248009
8.248009
8.248009
8.248009
8.181818
8.181818
8.248009
8.181818
8.248009
8.181818
8.181818
8.181818
8.181818
8.181818
8.181818
8.115778
8.115778
8.115778
8.115778
8.115778
8.115778
8.115778
8.049887
8.049887
8.049887
8.049887
8.049887
8.049887
7.984145
8.049887
8.049887
8.049887
8.049887
8.049887
7.984145
8.049887
8.049887
7.984145
7.984145
7.984145
7.984145
7.918552
7.984145
7.918552
7.984145
7.984145
7.918552
7.984145
7.918552
7.918552
7.984145
7.918552
7.918552
7.918552
7.918552
7.918552
7.918552
7.918552
7.853107
7.918552
7.853107
7.853107
7.853107
7.787810
7.853107
7.787810
7.853107
7.853107
7.853107
7.853107
7.787810
7.787810
7.787810
7.787810
7.787810
7.787810
7.722661
7.853107
7.787810
7.787810
7.722661
7.722661
7.787810
7.722661
7.722661
7.722661
7.722661
7.722661
7.722661
7.722661
7.722661
7.722661
7.722661
7.722661
7.722661
7.722661
7.722661
7.722661
7.657658
7.657658
7.657658
7.657658
7.657658
7.657658
7.657658
7.592801
7.592801
7.592801
7.592801
7.592801
7.592801
7.592801
7.592801
7.592801
7.592801
7.528090
7.528090
7.528090
7.592801
7.528090
7.528090
7.528090
7.528090
7.528090
7.528090
7.528090
7.528090
7.463524
7.463524
7.528090
7.463524
7.528090
7.463524
7.528090
7.463524
7.463524
7.463524
7.399103
7.463524
7.399103
7.399103
7.399103
7.399103
7.399103
7.463524
7.399103
7.399103
7.463524
7.399103
7.399103
7.399103
7.399103
7.399103
7.399103
7.399103
7.399103
7.399103
7.334826
7.334826
7.399103
7.334826
7.334826
7.334826
7.334826
7.334826
7.270694
7.334826
7.334826
7.334826
7.334826
7.270694
7.270694
7.334826
7.270694
7.270694
7.270694
7.270694
7.270694
7.270694
7.206704
7.270694
7.270694
7.206704
7.206704
7.206704
7.206704
7.206704
7.206704
7.206704
7.142857
7.206704
7.206704
7.206704
7.206704
7.206704
7.206704
7.142857
7.206704
7.142857
7.142857
7.142857
7.142857
7.142857
7.142857
7.142857
7.142857
7.142857
7.142857
7.142857
7.079153
7.142857
7.142857
7.142857
7.142857
7.079153
7.079153
7.079153
7.079153
7.079153
7.079153
7.079153
7.079153
7.015590
7.079153
7.079153
7.015590
7.015590
7.015590
7.015590
7.015590
7.015590
7.015590
6.952169
7.015590
7.015590
7.015590
6.952169
7.015590
6.952169
7.015590
6.952169
6.952169
6.952169
6.952169
6.952169
6.952169
7.015590
6.888889
6.952169
6.952169
6.952169
6.952169
6.952169
6.888889
6.888889
6.888889
6.952169
6.888889
6.952169
6.888889
6.888889
6.888889
6.888889
6.888889
6.888889
6.888889
6.952169
6.888889
6.952169
6.888889
6.825749
6.888889
6.825749
6.825749
6.825749
6.888889
6.825749
6.825749
6.825749
6.825749
6.825749
6.825749
6.825749
6.762749
6.825749
6.825749
6.762749
6.762749
6.762749
6.762749
6.762749
6.699889
6.762749
6.762749
6.762749
6.762749
6.762749
6.699889
6.699889
6.699889
6.699889
6.699889
6.699889
6.699889
6.699889
6.699889
6.699889
6.699889
6.699889
6.637168
6.637168
6.699889
6.699889
6.637168
6.637168
6.637168
6.637168
6.637168
6.637168
6.699889
6.637168
6.699889
6.637168
6.637168
6.637168
6.637168
6.637168
6.637168
6.637168
6.637168
6.637168
6.637168
6.637168
6.637168
6.574586
6.574586
6.574586
6.574586
6.574586
6.574586
6.512141
6.574586
6.512141
6.574586
6.574586
6.574586
6.512141
6.512141
6.512141
6.512141
6.512141
6.512141
6.512141
6.512141
6.512141
6.512141
6.512141
6.512141
6.512141
6.512141
6.512141
6.512141
6.512141
6.449835
6.512141
6.449835
6.449835
6.449835
6.449835
6.449835
6.449835
6.449835
6.449835
6.449835
6.387665
6.449835
6.449835
6.449835
6.449835
6.449835
6.449835
6.387665
6.387665
6.387665
6.387665
6.387665
6.387665
6.449835
6.387665
6.387665
6.387665
6.387665
6.387665
6.387665
6.325633
6.387665
6.387665
6.387665
6.325633
6.325633
6.325633
6.325633
6.387665
6.387665
6.325633
6.325633
6.325633
6.325633
6.263736
6.325633
6.263736
6.263736
6.325633
6.325633
6.263736
6.263736
6.325633
6.325633
6.325633
6.263736
6.263736
6.263736
6.263736
6.263736
6.263736
6.201976
6.263736
6.263736
6.263736
6.263736
6.201976
6.263736
6.263736
6.263736
6.263736
6.201976
6.201976
6.263736
6.201976
6.201976
6.201976
6.201976
6.263736
6.201976
6.201976
6.201976
6.201976
6.201976
6.201976
6.201976
6.201976
6.201976
6.201976
6.201976
6.140351
6.201976
6.140351
6.140351
6.140351
6.140351
6.140351
6.140351
6.140351
6.140351
6.140351
6.140351
6.140351
6.140351
6.140351
6.078861
6.140351
6.140351
6.078861
6.078861
6.078861
6.078861
6.140351
6.078861
6.140351
6.078861
6.078861
6.017505
6.078861
6.078861
6.078861
6.078861
6.078861
6.017505
6.078861
6.078861
6.078861
6.078861
6.017505
6.017505
6.017505
6.017505
6.017505
6.017505
6.017505
6.017505
6.017505
6.017505
6.017505
6.017505
6.017505
6.017505
6.017505
6.017505
6.017505
5.956284
6.017505
5.956284
6.017505
5.956284
5.956284
6.017505
5.956284
5.956284
5.956284
5.956284
5.956284
5.956284
5.956284
5.956284
5.956284
5.956284
5.895197
5.956284
5.956284
5.956284
5.895197
5.956284
5.956284
5.895197
5.956284
5.956284
5.895197
5.895197
5.895197
5.895197
5.895197
5.895197
5.895197
5.895197
5.895197
5.895197
5.895197
5.895197
5.895197
5.895197
5.895197
5.834242
5.895197
5.834242
5.834242
5.834242
5.834242
5.834242
5.834242
5.834242
5.895197
5.834242
5.834242
5.834242
5.834242
5.834242
5.834242
5.834242
5.834242
5.773420
5.834242
5.773420
5.834242
5.834242
5.834242
5.773420
5.773420
5.773420
5.773420
5.773420
5.773420
5.773420
5.773420
5.773420
5.773420
5.773420
5.773420
5.773420
5.773420
5.773420
5.712731
5.773420
5.712731
5.773420
5.773420
5.712731
5.712731
5.712731
5.712731
5.773420
5.712731
5.712731
5.712731
5.712731
5.712731
5.712731
5.712731
5.712731
5.712731
5.712731
5.652174
5.712731
5.652174
5.652174
5.712731
5.652174
5.712731
5.712731
5.652174
5.652174
5.712731
5.712731
5.652174
5.652174
5.652174
5.712731
5.652174
5.712731
5.652174
5.652174
5.652174
5.591748
5.652174
5.652174
5.652174
5.652174
5.652174
5.652174
5.652174
5.591748
5.652174
5.652174
5.652174
5.591748
5.591748
5.591748
5.591748
5.591748
5.591748
5.591748
5.591748
5.591748
5.591748
5.591748
5.531453
5.591748
5.591748
5.591748
5.591748
5.591748
5.591748
5.531453
5.591748
5.591748
5.531453
5.591748
5.531453
5.531453
5.591748
5.531453
5.531453
5.531453
5.531453
5.531453
5.531453
5.531453
5.531453
5.531453
5.531453
5.531453
5.471289
5.531453
5.531453
5.531453
5.471289
5.471289
5.471289
5.471289
5.411255
5.471289
5.471289
5.471289
5.471289
5.471289
5.471289
5.471289
5.471289
5.471289
5.471289
5.471289
5.471289
5.471289
5.471289
5.411255
5.471289
5.411255
5.471289
5.471289
5.471289
5.411255
5.471289
5.471289
5.471289
5.471289
5.411255
5.471289
5.471289
5.471289
5.411255
5.411255
5.411255
5.411255
5.411255
5.411255
5.411255
5.471289
5.411255
5.411255
5.411255
5.411255
5.411255
5.411255
5.411255
5.411255
5.351351
5.411255
5.411255
5.351351
5.351351
5.351351
5.351351
5.351351
5.351351
5.291577
5.351351
5.351351
5.351351
5.351351
5.351351
5.351351
5.351351
5.291577
5.351351
5.351351
5.351351
5.351351
5.351351
5.351351
5.291577
5.291577
5.351351
5.351351
5.351351
5.291577
5.291577
5.291577
5.291577
5.291577
5.291577
5.351351
5.291577
5.291577
5.291577
5.351351
5.291577
5.351351
5.291577
5.351351
5.351351
5.291577
5.291577
5.291577
5.291577
5.291577
5.291577
5.291577
5.291577
5.291577
5.291577
5.291577
5.291577
5.291577
5.291577
5.291577
5.231931
5.291577
5.291577
5.291577
5.231931
5.231931
5.231931
5.231931
5.231931
5.291577
5.231931
5.231931
5.231931
5.231931
5.231931
5.231931
5.231931
5.231931
5.231931
5.231931
5.231931
5.231931
5.231931
5.172414
5.172414
5.172414
5.231931
5.231931
5.172414
5.231931
5.172414
5.231931
5.172414
5.172414
5.231931
5.231931
5.172414
5.231931
5.172414
5.172414
5.172414
5.172414
5.172414
5.172414
5.172414
5.172414
5.231931
5.172414
5.172414
5.172414
5.172414
5.172414
5.172414
5.172414
5.113025
5.172414
5.172414
5.172414
5.172414
5.172414
5.172414
5.172414
5.113025
5.172414
5.113025
5.172414
5.113025
5.113025
5.172414
5.113025
5.172414
5.113025
5.113025
5.113025
5.113025
5.113025
5.113025
5.113025
5.113025
5.113025
5.113025
5.172414
5.113025
5.113025
5.113025
5.113025
5.113025
5.113025
5.113025
5.113025
5.053763
5.053763
5.113025
5.113025
5.113025
5.113025
5.113025
5.053763
5.053763
5.053763
5.113025
5.113025
5.113025
5.113025
5.113025
5.113025
5.053763
5.053763
5.053763
5.053763
5.053763
5.053763
5.053763
4.994629
5.053763
5.053763
5.053763
5.113025
5.053763
4.994629
5.053763
5.053763
5.053763
4.994629
5.053763
5.053763
5.053763
5.053763
4.994629
4.994629
5.053763
5.053763
4.994629
5.053763
5.053763
5.053763
4.994629
4.994629
4.994629
4.994629
4.994629
4.994629
4.994629
4.994629
4.994629
4.994629
4.994629
4.994629
4.994629
4.994629
4.994629
4.994629
5.053763
4.994629
4.994629
4.994629
4.935622
4.935622
4.994629
4.994629
4.935622
4.935622
4.994629
4.994629
4.935622
4.935622
4.935622
4.994629
4.935622
4.935622
4.935622
4.935622
4.935622
4.935622
4.935622
4.935622
4.935622
4.935622
4.935622
4.935622
4.935622
4.935622
4.994629
4.935622
4.935622
4.935622
4.935622
4.935622
4.935622
4.935622
4.935622
4.935622
4.935622
4.935622
4.935622
4.935622
4.935622
4.876742
4.876742
4.876742
4.876742
4.935622
4.935622
4.876742
4.876742
4.935622
4.876742
4.876742
4.876742
