4.759358
4.817987
4.759358
4.759358
4.759358
4.759358
4.759358
4.759358
4.759358
4.759358
4.759358
4.759358
4.759358
4.759358
4.759358
4.759358
4.759358
4.759358
4.759358
4.759358
4.759358
4.700855
4.759358
4.700855
4.759358
4.700855
4.759358
4.700855
4.700855
4.759358
4.759358
4.700855
4.759358
4.700855
4.759358
4.759358
4.700855
4.759358
4.700855
4.700855
4.700855
4.700855
4.700855
4.700855
4.700855
4.700855
4.700855
4.700855
4.700855
4.642476
4.700855
4.700855
4.642476
4.700855
4.700855
4.700855
4.700855
4.700855
4.700855
4.700855
4.700855
4.700855
4.700855
4.700855
4.700855
4.700855
4.700855
4.700855
4.700855
4.700855
4.700855
4.642476
4.700855
4.642476
4.700855
4.642476
4.642476
4.642476
4.642476
4.642476
4.642476
4.700855
4.642476
4.642476
4.700855
4.700855
4.700855
4.642476
4.700855
4.642476
4.700855
4.642476
4.642476
4.642476
4.642476
4.642476
4.642476
4.642476
4.584222
4.642476
4.642476
4.642476
4.642476
4.642476
4.642476
4.642476
4.642476
4.642476
4.642476
4.642476
4.584222
4.642476
4.642476
4.642476
4.642476
4.642476
4.642476
4.584222
4.642476
4.642476
4.642476
4.584222
4.642476
4.584222
4.642476
4.584222
4.642476
4.642476
4.642476
4.642476
4.584222
4.584222
4.642476
4.642476
4.584222
4.584222
4.584222
4.642476
4.642476
4.642476
4.584222
4.584222
4.584222
4.642476
4.584222
4.642476
4.584222
4.584222
4.584222
4.584222
4.584222
4.584222
4.584222
4.584222
4.584222
4.584222
4.584222
4.584222
4.584222
4.584222
4.584222
4.584222
4.584222
4.584222
4.584222
4.584222
4.584222
4.584222
4.584222
4.584222
4.526092
4.584222
4.526092
4.526092
4.584222
4.584222
4.526092
4.526092
4.584222
4.526092
4.584222
4.526092
4.584222
4.584222
4.526092
4.584222
4.526092
4.584222
4.584222
4.584222
4.526092
4.584222
4.584222
4.526092
4.526092
4.526092
4.526092
4.526092
4.526092
4.526092
4.526092
4.526092
4.526092
4.526092
4.526092
4.526092
4.526092
4.526092
4.526092
4.526092
4.526092
4.526092
4.526092
4.526092
4.526092
4.526092
4.468085
4.526092
4.526092
4.468085
4.526092
4.526092
4.526092
4.468085
4.526092
4.526092
4.526092
4.526092
4.526092
4.526092
4.468085
4.468085
4.468085
4.526092
4.468085
4.526092
4.468085
4.468085
4.468085
4.468085
4.468085
4.468085
4.468085
4.468085
4.468085
4.468085
4.468085
4.468085
4.468085
4.468085
4.468085
4.468085
4.526092
4.468085
4.468085
4.468085
4.468085
4.526092
4.468085
4.468085
4.468085
4.468085
4.468085
4.468085
4.468085
4.468085
4.468085
4.468085
4.468085
4.468085
4.468085
4.410202
4.468085
4.410202
4.410202
4.468085
4.410202
4.410202
4.410202
4.468085
4.468085
4.468085
4.410202
4.410202
4.468085
4.468085
4.410202
4.468085
4.468085
4.410202
4.410202
4.410202
4.410202
4.410202
4.410202
4.468085
4.410202
4.468085
4.410202
4.468085
4.410202
4.410202
4.352442
4.410202
4.410202
4.410202
4.410202
4.410202
4.410202
4.410202
4.410202
4.410202
4.410202
4.410202
4.352442
4.410202
4.352442
4.410202
4.410202
4.352442
4.352442
4.410202
4.352442
4.410202
4.352442
4.410202
4.410202
4.410202
4.410202
4.410202
4.410202
4.410202
4.410202
4.352442
4.352442
4.410202
4.410202
4.352442
4.352442
4.410202
4.352442
4.410202
4.352442
4.410202
4.410202
4.352442
4.410202
4.410202
4.352442
4.352442
4.352442
4.352442
4.352442
4.352442
4.352442
4.352442
4.352442
4.352442
4.352442
4.352442
4.352442
4.352442
4.352442
4.352442
4.352442
4.352442
4.352442
4.294804
4.352442
4.352442
4.294804
4.294804
4.294804
4.352442
4.352442
4.294804
4.294804
4.352442
4.352442
4.352442
4.352442
4.352442
4.294804
4.352442
4.294804
4.294804
4.352442
4.294804
4.294804
4.294804
4.352442
4.352442
4.294804
4.294804
4.294804
4.352442
4.294804
4.294804
4.294804
4.294804
4.352442
4.294804
4.294804
4.294804
4.294804
4.294804
4.294804
4.294804
4.294804
4.294804
4.294804
4.294804
4.294804
4.294804
4.294804
4.294804
4.294804
4.294804
4.294804
4.237288
4.294804
4.294804
4.237288
4.294804
4.294804
4.294804
4.294804
4.294804
4.237288
4.294804
4.237288
4.294804
4.294804
4.237288
4.237288
4.294804
4.237288
4.237288
4.294804
4.237288
4.237288
4.294804
4.237288
4.237288
4.294804
4.294804
4.237288
4.237288
4.237288
4.237288
4.237288
4.237288
4.237288
4.237288
4.237288
4.237288
4.237288
4.237288
4.237288
4.237288
4.237288
4.237288
4.237288
4.237288
4.237288
4.237288
4.294804
4.237288
4.237288
4.237288
4.237288
4.237288
4.237288
4.237288
4.237288
4.294804
4.237288
4.237288
4.237288
4.237288
4.237288
4.237288
4.237288
4.237288
4.179894
4.237288
4.237288
4.179894
4.237288
4.237288
4.237288
4.237288
4.237288
4.237288
4.237288
4.237288
4.179894
4.179894
4.179894
4.179894
4.237288
4.237288
4.237288
4.179894
4.237288
4.179894
4.237288
4.179894
4.237288
4.179894
4.237288
4.179894
4.237288
4.237288
4.237288
4.237288
4.237288
4.237288
4.237288
4.237288
4.237288
4.237288
4.237288
4.179894
4.237288
4.179894
4.237288
4.179894
4.237288
4.179894
4.237288
4.237288
4.237288
4.179894
4.237288
4.237288
4.237288
4.237288
4.237288
4.237288
4.237288
4.294804
4.237288
4.237288
4.237288
4.237288
4.237288
4.294804
4.294804
4.294804
4.294804
4.294804
4.294804
4.294804
4.294804
4.294804
4.352442
4.352442
4.352442
4.352442
4.352442
4.352442
4.410202
4.352442
4.410202
4.352442
4.410202
4.352442
4.410202
4.410202
4.410202
4.410202
4.468085
4.410202
4.468085
4.468085
4.468085
4.468085
4.526092
4.468085
4.526092
4.526092
4.526092
4.584222
4.584222
4.584222
4.642476
4.642476
4.642476
4.642476
4.642476
4.700855
4.700855
4.700855
4.700855
4.700855
4.700855
4.700855
4.759358
4.759358
4.759358
4.759358
4.759358
4.817987
4.817987
4.817987
4.817987
4.817987
4.817987
4.817987
4.876742
4.817987
4.817987
4.876742
4.817987
4.876742
4.817987
4.876742
4.876742
4.876742
4.876742
4.876742
4.876742
4.876742
4.876742
4.876742
4.876742
4.876742
4.876742
4.876742
4.876742
4.876742
4.876742
4.876742
4.876742
4.876742
4.876742
4.876742
4.876742
4.876742
4.876742
4.876742
4.876742
4.876742
4.817987
4.876742
4.876742
4.876742
4.876742
4.935622
4.935622
4.935622
4.935622
4.935622
4.935622
4.935622
4.935622
4.935622
4.935622
4.935622
4.935622
4.876742
4.935622
4.876742
4.876742
4.876742
4.876742
4.876742
4.876742
4.817987
4.817987
4.876742
4.876742
4.876742
4.876742
4.817987
4.817987
4.876742
4.817987
4.817987
4.817987
4.817987
4.876742
4.817987
4.876742
4.876742
4.817987
4.817987
4.759358
4.817987
4.817987
4.817987
4.817987
4.817987
4.817987
4.817987
4.759358
4.817987
4.817987
4.759358
4.759358
4.759358
4.759358
4.817987
4.759358
4.759358
4.759358
4.759358
4.759358
4.759358
4.759358
4.759358
4.759358
4.759358
4.759358
4.759358
4.759358
4.759358
4.759358
4.759358
4.759358
4.759358
4.759358
4.759358
4.700855
4.700855
4.700855
4.759358
4.700855
4.700855
4.700855
4.700855
4.759358
4.700855
4.700855
4.700855
4.700855
4.759358
4.700855
4.700855
4.700855
4.700855
4.700855
4.700855
4.700855
4.700855
4.700855
4.700855
4.700855
4.700855
4.642476
4.700855
4.642476
4.700855
4.700855
4.700855
4.700855
4.642476
4.700855
4.700855
4.642476
4.700855
4.642476
4.642476
4.700855
4.642476
4.642476
4.642476
4.700855
4.642476
4.700855
4.642476
4.642476
4.642476
4.642476
4.642476
4.700855
4.642476
4.642476
4.642476
4.642476
4.642476
4.642476
4.642476
4.642476
4.642476
4.642476
4.642476
4.642476
4.642476
4.584222
4.642476
4.642476
4.584222
4.642476
4.642476
4.642476
4.642476
4.642476
4.642476
4.584222
4.584222
4.642476
4.584222
4.642476
4.584222
4.642476
4.642476
4.642476
4.642476
4.584222
4.584222
4.584222
4.642476
4.584222
4.642476
4.642476
4.642476
4.642476
4.642476
4.584222
4.642476
4.642476
4.642476
4.642476
4.642476
4.642476
4.642476
4.642476
4.642476
4.642476
4.642476
4.642476
4.584222
4.642476
4.584222
4.584222
4.642476
4.584222
4.642476
4.642476
4.584222
4.642476
4.642476
4.584222
4.584222
4.584222
4.642476
4.584222
4.584222
4.584222
4.584222
4.584222
4.584222
4.584222
4.642476
4.584222
4.584222
4.584222
4.584222
4.642476
4.584222
4.584222
4.584222
4.584222
4.584222
4.584222
4.526092
4.584222
4.584222
4.584222
4.584222
4.584222
4.526092
4.584222
4.584222
4.584222
4.584222
4.584222
4.584222
4.526092
4.526092
4.526092
4.584222
4.584222
4.584222
4.584222
4.584222
4.584222
4.526092
4.584222
4.526092
4.526092
4.526092
4.526092
4.526092
4.526092
4.584222
4.526092
4.526092
4.526092
4.526092
4.526092
4.526092
4.526092
4.526092
4.526092
4.526092
4.526092
4.526092
4.526092
4.526092
4.526092
4.526092
4.526092
4.526092
4.526092
4.526092
4.584222
4.526092
4.526092
4.526092
4.526092
4.526092
4.526092
4.526092
4.526092
4.526092
4.526092
4.526092
4.468085
4.526092
4.526092
4.526092
4.526092
4.526092
4.468085
4.526092
4.468085
4.526092
4.526092
4.526092
4.468085
4.526092
4.468085
4.526092
4.468085
4.526092
4.526092
4.526092
4.468085
4.526092
4.526092
4.468085
4.526092
4.468085
4.468085
4.468085
4.468085
4.468085
4.468085
4.468085
4.468085
4.526092
4.468085
4.468085
4.468085
4.468085
4.468085
4.468085
4.468085
4.468085
4.468085
4.468085
4.468085
4.468085
4.468085
4.468085
4.468085
4.468085
4.468085
4.468085
4.468085
4.468085
4.468085
4.468085
4.468085
4.468085
4.468085
4.468085
4.468085
4.468085
4.468085
4.410202
4.468085
4.410202
4.468085
4.410202
4.468085
4.410202
4.410202
4.468085
4.410202
4.410202
4.468085
4.468085
4.410202
4.468085
4.410202
4.468085
4.410202
4.410202
4.410202
4.410202
4.468085
4.410202
4.410202
4.410202
4.410202
4.410202
4.410202
4.410202
4.410202
4.410202
4.410202
4.410202
4.410202
4.410202
4.410202
4.352442
4.410202
4.410202
4.352442
4.410202
4.410202
4.410202
4.410202
4.410202
4.410202
4.352442
4.352442
4.410202
4.410202
4.352442
4.410202
4.352442
4.410202
4.352442
4.352442
4.352442
4.352442
4.410202
4.410202
4.410202
4.410202
4.410202
4.352442
4.410202
4.410202
4.410202
4.410202
4.410202
4.352442
4.352442
4.410202
4.352442
4.410202
4.352442
4.410202
4.410202
4.352442
4.352442
4.352442
4.352442
4.352442
4.352442
4.410202
4.352442
4.352442
4.352442
4.352442
4.352442
4.352442
4.352442
4.352442
4.352442
4.352442
4.352442
4.352442
4.352442
4.294804
4.352442
4.352442
4.352442
4.294804
4.352442
4.352442
4.294804
4.352442
4.352442
4.352442
4.352442
4.352442
4.294804
4.352442
4.294804
4.352442
4.352442
4.294804
4.294804
4.352442
4.294804
4.352442
4.352442
4.352442
4.352442
4.352442
4.294804
4.294804
4.294804
4.352442
4.294804
4.294804
4.294804
4.294804
4.294804
4.294804
4.294804
4.294804
4.294804
4.294804
4.352442
4.294804
4.294804
4.294804
4.294804
4.294804
4.294804
4.294804
4.294804
4.294804
4.237288
4.294804
4.294804
4.294804
4.294804
4.294804
4.294804
4.294804
4.294804
4.294804
4.294804
4.294804
4.237288
4.237288
4.237288
4.294804
4.294804
4.294804
4.294804
4.294804
4.237288
4.237288
4.237288
4.237288
4.294804
4.294804
4.294804
4.237288
4.294804
4.294804
4.237288
4.237288
4.294804
4.237288
4.237288
4.237288
4.294804
4.237288
4.237288
4.237288
4.237288
4.237288
4.237288
4.237288
4.237288
4.237288
4.237288
4.237288
4.237288
4.237288
4.237288
4.237288
4.237288
4.237288
4.237288
4.237288
4.237288
4.237288
4.237288
4.237288
4.237288
4.237288
4.237288
4.237288
4.237288
4.237288
4.179894
4.237288
4.237288
4.237288
4.179894
4.237288
4.179894
4.179894
4.237288
4.179894
4.179894
4.179894
4.237288
4.179894
4.237288
4.237288
4.179894
4.179894
4.179894
4.179894
4.179894
4.179894
4.237288
4.179894
4.237288
4.179894
4.179894
4.179894
4.179894
4.179894
4.179894
4.122622
4.179894
4.179894
4.122622
4.179894
4.179894
4.179894
4.122622
4.179894
4.179894
4.179894
4.179894
4.179894
4.179894
4.179894
4.179894
4.179894
4.179894
4.179894
4.179894
4.122622
4.122622
4.122622
4.179894
4.179894
4.179894
4.179894
4.179894
4.122622
4.122622
4.122622
4.179894
4.122622
4.122622
4.179894
4.122622
4.122622
4.179894
4.122622
4.122622
4.179894
4.122622
4.122622
4.179894
4.122622
4.122622
4.122622
4.122622
4.122622
4.122622
4.122622
4.122622
4.179894
4.065470
4.122622
4.122622
4.122622
4.122622
4.122622
4.122622
4.122622
4.122622
4.122622
4.065470
4.179894
4.122622
4.122622
4.122622
4.122622
4.065470
4.122622
4.122622
4.122622
4.122622
4.122622
4.122622
4.122622
4.065470
4.065470
4.122622
4.065470
4.122622
4.122622
4.122622
4.065470
4.122622
4.122622
4.122622
4.065470
4.122622
4.065470
4.065470
4.122622
4.065470
4.065470
4.065470
4.065470
4.065470
4.065470
4.065470
4.122622
4.065470
4.065470
4.122622
4.065470
4.065470
4.065470
4.065470
4.065470
4.065470
4.122622
4.065470
4.065470
4.065470
4.065470
4.008439
4.065470
4.122622
4.065470
4.065470
4.065470
4.065470
4.065470
4.065470
4.065470
4.065470
4.065470
4.065470
4.065470
4.065470
4.065470
4.065470
4.008439
4.065470
4.065470
4.065470
4.065470
4.065470
4.065470
4.065470
4.008439
4.008439
4.008439
4.065470
4.065470
4.065470
4.065470
4.065470
4.065470
4.065470
4.065470
4.065470
4.065470
4.065470
4.008439
4.065470
4.065470
4.065470
4.065470
4.065470
4.122622
4.065470
4.122622
4.122622
4.122622
4.065470
4.065470
4.065470
4.065470
4.065470
4.122622
4.122622
4.065470
4.065470
4.065470
4.065470
4.122622
4.065470
4.122622
4.122622
4.065470
4.065470
4.122622
4.065470
4.065470
4.065470
4.065470
4.122622
4.065470
4.065470
4.065470
4.008439
4.065470
4.122622
4.065470
4.122622
4.065470
4.065470
4.065470
4.065470
4.065470
4.008439
4.065470
4.065470
4.065470
4.065470
4.065470
4.065470
4.065470
4.065470
4.008439
4.065470
4.065470
4.008439
4.065470
4.008439
4.065470
4.008439
4.008439
4.065470
4.008439
4.008439
4.008439
4.065470
4.065470
4.065470
4.008439
4.065470
4.065470
4.008439
4.065470
4.065470
4.008439
4.008439
4.008439
4.065470
4.065470
4.065470
4.065470
4.065470
4.065470
4.065470
4.122622
4.122622
4.122622
4.122622
4.179894
4.179894
4.179894
4.179894
4.237288
4.237288
4.294804
4.294804
4.352442
4.352442
4.410202
4.410202
4.468085
4.526092
4.526092
4.642476
4.642476
4.700855
4.759358
4.759358
4.817987
4.817987
4.876742
4.935622
4.935622
4.994629
5.053763
5.053763
5.172414
5.172414
5.231931
5.291577
5.351351
5.471289
5.531453
5.591748
5.773420
5.895197
6.017505
6.140351
6.325633
6.574586
6.637168
6.762749
6.888889
7.079153
7.142857
7.270694
7.399103
7.463524
7.528090
7.592801
7.657658
7.787810
7.918552
7.984145
8.049887
8.115778
8.248009
8.380844
8.514286
8.581236
8.648339
8.715596
8.783008
8.783008
8.850575
8.850575
8.986175
9.054210
9.054210
9.122402
9.190751
9.190751
9.259259
9.259259
9.327926
9.259259
9.327926
9.396752
9.465738
9.534884
9.534884
9.673660
9.673660
9.743291
9.743291
9.743291
9.743291
9.743291
9.743291
9.743291
9.743291
9.743291
9.743291
9.743291
9.673660
9.673660
9.673660
9.673660
9.604191
9.604191
9.604191
9.604191
9.604191
9.534884
9.534884
9.534884
9.465738
9.465738
9.465738
9.465738
9.396752
9.465738
9.396752
9.396752
9.327926
9.327926
9.327926
9.327926
9.327926
9.327926
9.327926
9.259259
9.327926
9.327926
9.327926
9.327926
9.327926
9.327926
9.327926
9.259259
9.259259
9.259259
9.259259
9.190751
9.190751
9.190751
9.190751
9.190751
9.122402
9.190751
9.190751
9.122402
9.122402
9.122402
9.122402
9.122402
9.122402
9.054210
9.054210
9.054210
8.986175
9.054210
9.054210
9.054210
9.054210
8.986175
8.986175
9.054210
8.986175
9.054210
9.054210
9.054210
9.054210
9.054210
9.054210
9.122402
9.122402
9.122402
9.122402
9.054210
9.122402
9.054210
9.054210
9.054210
9.122402
9.054210
9.054210
9.054210
8.986175
8.986175
9.054210
8.986175
8.986175
8.986175
8.986175
8.918297
8.986175
8.918297
8.986175
8.918297
8.850575
8.918297
8.918297
8.850575
8.850575
8.850575
8.850575
8.783008
8.850575
8.783008
8.850575
8.783008
8.783008
8.783008
8.715596
8.715596
8.715596
8.783008
8.715596
8.648339
8.648339
8.715596
8.648339
8.648339
8.581236
8.648339
8.648339
8.648339
8.581236
8.648339
8.648339
8.581236
8.581236
8.514286
8.581236
8.581236
8.581236
8.581236
8.581236
8.581236
8.514286
8.581236
8.514286
8.514286
8.514286
8.514286
8.514286
8.514286
8.514286
8.514286
8.514286
8.514286
8.514286
8.514286
8.447489
8.447489
8.447489
8.447489
8.380844
8.380844
8.447489
8.380844
8.380844
8.447489
8.380844
8.380844
8.380844
8.314351
8.314351
8.314351
8.380844
8.314351
8.314351
8.314351
8.314351
8.248009
8.248009
8.248009
8.248009
8.248009
8.248009
8.314351
8.248009
8.314351
8.248009
8.314351
8.248009
8.248009
8.314351
8.248009
8.248009
8.248009
8.248009
8.248009
8.248009
8.248009
8.248009
8.181818
8.248009
8.181818
8.181818
8.181818
8.115778
8.181818
8.115778
8.181818
8.115778
8.115778
8.115778
8.115778
8.115778
8.115778
8.115778
8.115778
8.115778
8.049887
8.049887
8.049887
7.984145
7.984145
7.984145
7.984145
7.984145
7.984145
7.984145
7.984145
7.984145
7.984145
7.918552
7.984145
7.918552
7.918552
7.918552
7.918552
7.918552
7.918552
7.918552
7.918552
7.853107
7.918552
7.853107
7.853107
7.853107
7.787810
7.787810
7.853107
7.787810
7.722661
7.787810
7.787810
7.787810
7.787810
7.787810
7.787810
7.722661
7.722661
7.722661
7.722661
7.722661
7.787810
7.722661
7.722661
7.722661
7.722661
7.787810
7.787810
7.722661
7.787810
7.722661
7.787810
7.722661
7.722661
7.787810
7.722661
7.787810
7.787810
7.787810
7.787810
7.787810
7.787810
7.787810
7.787810
7.787810
7.787810
7.787810
7.787810
7.722661
7.787810
7.787810
7.722661
7.787810
7.722661
7.787810
7.787810
7.787810
7.722661
7.787810
7.787810
7.787810
7.787810
7.787810
7.787810
7.787810
7.787810
7.722661
7.722661
7.722661
7.722661
7.722661
7.657658
7.722661
7.657658
7.722661
7.657658
7.657658
7.657658
7.722661
7.657658
7.657658
7.657658
7.592801
7.592801
7.592801
7.592801
7.592801
7.592801
7.592801
7.592801
7.592801
7.592801
7.528090
7.528090
7.592801
7.528090
7.528090
7.528090
7.463524
7.463524
7.463524
7.463524
7.463524
7.463524
7.463524
7.463524
7.463524
7.463524
7.463524
7.399103
7.399103
7.399103
7.399103
7.399103
7.399103
7.399103
7.399103
7.399103
7.334826
7.399103
7.334826
7.334826
7.334826
7.334826
7.334826
7.334826
7.334826
7.270694
7.270694
7.270694
7.334826
7.270694
7.270694
7.270694
7.270694
7.270694
7.206704
7.206704
7.142857
7.206704
7.206704
7.206704
7.206704
7.206704
7.206704
7.206704
7.206704
7.206704
7.206704
7.206704
7.142857
7.142857
7.142857
7.142857
7.142857
7.142857
7.142857
7.142857
7.142857
7.079153
7.142857
7.079153
7.079153
7.079153
7.079153
7.079153
7.079153
7.079153
7.079153
7.015590
7.015590
7.079153
7.015590
7.015590
7.015590
7.015590
6.952169
7.015590
6.952169
7.015590
6.952169
7.015590
6.952169
7.015590
6.952169
6.952169
6.952169
6.952169
6.952169
6.952169
6.952169
6.952169
6.952169
6.888889
6.888889
6.888889
6.888889
6.888889
6.888889
6.888889
6.825749
6.825749
6.888889
6.888889
6.888889
6.825749
6.888889
6.825749
6.825749
6.825749
6.825749
6.825749
6.825749
6.825749
6.825749
6.762749
6.762749
6.825749
6.762749
6.762749
6.762749
6.762749
6.762749
6.762749
6.762749
6.762749
6.762749
6.762749
6.762749
6.699889
6.699889
6.699889
6.699889
6.699889
6.699889
6.699889
6.699889
6.699889
6.699889
6.699889
6.637168
6.637168
6.637168
6.637168
6.637168
6.637168
6.637168
6.637168
6.637168
6.637168
6.637168
6.637168
6.637168
6.574586
6.637168
6.574586
6.574586
6.574586
6.574586
6.637168
6.574586
6.574586
6.574586
6.574586
6.512141
6.512141
6.574586
6.512141
6.574586
6.512141
6.512141
6.512141
6.574586
6.512141
6.512141
6.512141
6.512141
6.449835
6.512141
6.512141
6.512141
6.449835
6.449835
6.512141
6.512141
6.449835
6.512141
6.449835
6.449835
6.387665
6.449835
6.449835
6.449835
6.449835
6.449835
6.387665
6.449835
6.449835
6.387665
6.387665
6.387665
6.387665
6.387665
6.387665
6.387665
6.387665
6.387665
6.387665
6.387665
6.387665
6.387665
6.387665
6.325633
6.325633
6.387665
6.325633
6.325633
6.325633
6.325633
6.325633
6.325633
6.325633
6.325633
6.263736
6.263736
6.325633
6.325633
6.263736
6.263736
6.263736
6.263736
6.263736
6.263736
6.263736
6.263736
6.325633
6.263736
6.263736
6.263736
6.201976
6.263736
6.263736
6.201976
6.263736
6.263736
6.263736
6.263736
6.263736
6.201976
6.263736
6.201976
6.201976
6.201976
6.201976
6.201976
6.201976
6.201976
6.201976
6.201976
6.201976
6.201976
6.201976
6.201976
6.201976
6.201976
6.140351
6.140351
6.201976
6.140351
6.140351
6.140351
6.201976
6.140351
6.140351
6.140351
6.140351
6.140351
6.140351
6.140351
6.140351
6.140351
6.078861
6.140351
6.078861
6.140351
6.078861
6.140351
6.078861
6.078861
6.140351
6.140351
6.078861
6.140351
6.078861
6.078861
6.078861
6.078861
6.078861
6.078861
6.078861
6.078861
6.078861
6.017505
6.078861
6.017505
6.017505
6.017505
6.017505
6.017505
6.017505
6.017505
6.017505
6.017505
6.078861
6.017505
6.017505
6.017505
6.017505
6.017505
5.956284
6.017505
5.956284
6.017505
5.956284
5.956284
5.956284
6.017505
5.956284
6.017505
5.956284
5.956284
5.956284
5.956284
5.956284
5.895197
5.956284
5.956284
5.956284
5.956284
5.895197
5.895197
5.956284
5.895197
5.956284
5.895197
5.895197
5.956284
5.956284
5.895197
5.895197
5.895197
5.895197
5.895197
5.895197
5.895197
5.895197
5.895197
5.895197
5.895197
5.895197
5.834242
5.895197
5.895197
5.895197
5.895197
5.895197
5.895197
5.834242
5.895197
5.834242
5.895197
5.834242
5.834242
5.834242
5.834242
5.834242
5.834242
5.834242
5.834242
5.834242
5.834242
5.834242
5.834242
5.834242
5.834242
5.834242
5.773420
5.834242
5.834242
5.834242
5.773420
5.834242
5.834242
5.834242
5.834242
5.773420
5.773420
5.773420
5.773420
5.773420
5.773420
5.773420
5.773420
5.773420
5.773420
5.834242
5.773420
5.773420
5.773420
5.773420
5.773420
5.773420
5.773420
5.773420
5.773420
5.773420
5.773420
5.773420
5.712731
5.773420
5.773420
5.773420
5.773420
5.773420
5.712731
5.773420
5.773420
5.773420
5.773420
5.773420
5.712731
5.773420
5.773420
5.773420
5.773420
5.773420
5.773420
5.773420
5.712731
5.773420
5.773420
5.712731
5.773420
5.773420
5.773420
5.773420
5.773420
5.773420
5.773420
5.773420
5.773420
5.712731
5.773420
5.773420
5.712731
5.773420
5.773420
5.773420
5.712731
5.773420
5.712731
5.712731
5.712731
5.773420
5.773420
5.773420
5.773420
5.773420
5.773420
5.773420
5.773420
5.712731
5.712731
5.773420
5.712731
5.712731
5.712731
5.712731
5.712731
5.712731
5.712731
5.712731
5.652174
5.712731
5.712731
5.712731
5.712731
5.652174
5.712731
5.652174
5.652174
5.652174
5.652174
5.712731
5.712731
5.712731
5.712731
5.712731
5.712731
5.712731
5.712731
5.652174
5.712731
5.652174
5.652174
5.652174
5.712731
5.652174
5.652174
5.652174
5.652174
5.652174
5.591748
5.652174
5.652174
5.652174
5.591748
5.652174
5.652174
5.652174
5.652174
5.652174
5.591748
5.591748
5.652174
5.652174
5.591748
5.591748
5.591748
5.652174
5.652174
5.591748
5.591748
5.652174
5.652174
5.591748
5.591748
5.652174
5.652174
5.652174
5.591748
5.652174
5.652174
5.591748
5.591748
5.591748
5.591748
5.591748
5.591748
5.591748
5.591748
5.591748
5.591748
5.591748
5.591748
5.531453
5.591748
5.591748
5.591748
5.591748
5.591748
5.531453
5.591748
5.531453
5.531453
5.591748
5.531453
5.531453
5.531453
5.531453
5.531453
5.531453
5.591748
5.531453
5.531453
5.531453
5.531453
5.531453
5.531453
5.531453
5.531453
5.531453
5.471289
5.531453
5.471289
5.531453
5.531453
5.531453
5.471289
5.531453
5.471289
5.471289
5.531453
5.471289
5.471289
5.471289
5.471289
5.471289
5.471289
5.471289
5.471289
5.471289
5.471289
5.471289
5.471289
5.471289
5.471289
5.471289
5.411255
5.471289
5.471289
5.471289
5.471289
5.411255
5.471289
5.471289
5.411255
5.471289
5.411255
5.411255
5.411255
5.411255
5.411255
5.411255
5.411255
5.411255
5.411255
5.411255
5.411255
5.471289
5.411255
5.411255
5.411255
5.411255
5.411255
5.471289
5.411255
5.411255
5.411255
5.411255
5.411255
5.411255
5.411255
5.411255
5.411255
5.411255
5.351351
5.351351
5.411255
5.411255
5.411255
5.351351
5.351351
5.351351
5.411255
5.411255
5.411255
5.351351
5.411255
5.351351
5.411255
5.411255
5.351351
5.411255
5.411255
5.411255
5.411255
5.411255
5.351351
5.411255
5.411255
5.411255
5.351351
5.351351
5.411255
5.411255
5.411255
5.351351
5.351351
5.411255
5.351351
5.351351
5.351351
5.351351
5.351351
5.351351
5.351351
5.351351
5.351351
5.351351
5.351351
5.351351
5.351351
5.351351
5.351351
5.351351
5.351351
5.351351
5.291577
5.291577
5.351351
5.291577
5.291577
5.291577
5.351351
5.291577
5.351351
5.291577
5.291577
5.291577
5.291577
5.291577
5.291577
5.291577
5.351351
5.291577
5.291577
5.291577
5.291577
5.291577
5.291577
5.231931
5.291577
5.231931
5.231931
5.291577
5.291577
5.291577
5.231931
5.291577
5.291577
5.231931
5.231931
5.231931
5.231931
5.231931
5.231931
5.231931
5.231931
5.231931
5.231931
5.231931
5.291577
5.231931
5.231931
5.231931
5.231931
5.231931
5.231931
5.231931
5.231931
5.231931
5.231931
5.231931
5.231931
5.231931
5.231931
5.231931
5.231931
5.231931
5.172414
5.172414
5.172414
5.172414
5.172414
5.172414
5.172414
5.172414
5.172414
5.172414
5.172414
5.172414
5.172414
5.172414
5.172414
5.172414
5.231931
5.172414
5.172414
5.172414
5.172414
5.231931
5.231931
5.231931
5.291577
5.291577
5.231931
5.291577
5.291577
5.291577
5.291577
5.291577
5.231931
5.231931
5.291577
5.231931
5.291577
5.231931
5.291577
5.291577
5.291577
5.231931
5.231931
5.291577
5.231931
5.231931
5.231931
5.231931
5.231931
5.231931
5.231931
5.231931
5.231931
5.231931
5.231931
5.231931
5.231931
5.231931
5.231931
5.172414
5.172414
5.231931
5.172414
5.231931
5.172414
5.172414
5.172414
5.172414
5.172414
5.172414
5.172414
5.172414
5.231931
5.172414
5.172414
5.172414
5.172414
5.172414
5.231931
5.172414
5.172414
5.172414
5.172414
5.172414
5.172414
5.172414
5.172414
5.172414
5.172414
5.172414
5.172414
5.172414
5.172414
5.172414
5.172414
5.172414
5.172414
5.172414
5.172414
5.172414
5.172414
5.113025
5.172414
5.172414
5.172414
5.113025
5.113025
5.172414
5.172414
5.113025
5.113025
5.113025
5.113025
5.113025
5.113025
5.113025
5.113025
5.113025
5.113025
5.113025
5.113025
5.113025
5.113025
5.113025
5.113025
5.113025
5.113025
5.113025
5.113025
5.113025
5.113025
5.113025
5.172414
5.172414
5.172414
5.113025
5.172414
5.172414
5.172414
5.172414
5.172414
5.172414
5.231931
5.172414
5.172414
5.172414
5.231931
5.172414
5.172414
5.231931
5.172414
5.172414
5.172414
5.231931
5.231931
5.172414
5.231931
5.172414
5.172414
5.172414
5.172414
5.172414
5.172414
5.172414
5.172414
5.172414
5.172414
5.172414
5.172414
5.172414
5.172414
5.172414
5.172414
5.172414
5.172414
5.172414
5.113025
5.113025
5.113025
5.113025
5.113025
5.113025
5.113025
5.172414
5.113025
5.113025
5.113025
5.113025
5.113025
5.113025
5.053763
5.113025
5.053763
5.113025
5.053763
5.113025
5.113025
5.113025
5.113025
5.113025
5.113025
5.113025
5.172414
5.113025
5.113025
5.172414
5.113025
5.113025
5.113025
5.113025
5.113025
5.113025
5.113025
5.113025
5.113025
5.113025
5.113025
5.113025
5.113025
5.113025
5.053763
5.053763
5.053763
5.053763
5.053763
5.053763
5.053763
5.113025
5.113025
5.053763
5.053763
5.053763
5.053763
5.053763
5.053763
5.053763
5.053763
5.053763
5.053763
5.053763
5.053763
5.053763
5.053763
4.994629
4.994629
5.053763
5.053763
5.053763
4.994629
5.053763
4.994629
4.994629
4.994629
4.994629
4.994629
4.994629
4.994629
4.994629
4.994629
4.994629
4.994629
4.994629
4.994629
4.994629
4.994629
4.994629
4.994629
4.994629
4.994629
4.994629
4.994629
4.994629
4.994629
4.994629
4.994629
4.994629
4.994629
4.994629
4.935622
4.935622
4.935622
4.994629
4.935622
4.935622
4.994629
4.994629
4.994629
4.935622
4.935622
4.935622
4.935622
4.935622
4.935622
4.935622
4.935622
4.935622
4.935622
4.935622
4.876742
4.935622
4.935622
4.935622
4.935622
4.935622
4.876742
4.935622
4.935622
4.935622
4.935622
4.876742
4.935622
4.935622
4.935622
4.935622
4.876742
4.876742
4.876742
4.935622
4.876742
4.876742
4.935622
4.876742
4.876742
4.876742
4.935622
4.876742
4.876742
4.876742
4.876742
4.876742
4.876742
4.876742
4.876742
4.876742
4.876742
4.876742
4.876742
4.876742
4.817987
4.876742
4.876742
4.876742
4.876742
4.817987
4.817987
4.876742
4.817987
4.876742
4.876742
4.817987
4.817987
4.817987
4.817987
4.876742
4.817987
4.817987
4.817987
4.817987
4.817987
4.817987
4.817987
4.817987
4.876742
4.759358
4.817987
4.817987
4.817987
4.817987
4.817987
4.817987
4.817987
4.817987
4.817987
4.817987
4.759358
4.817987
4.817987
4.817987
4.759358
4.759358
4.817987
4.817987
4.817987
4.759358
4.759358
4.817987
4.817987
4.759358
4.759358
4.700855
4.759358
4.817987
4.759358
4.817987
4.817987
4.759358
4.817987
4.759358
4.817987
4.759358
4.700855
4.759358
4.700855
4.759358
4.759358
4.759358
4.759358
4.759358
4.759358
4.759358
4.759358
4.759358
4.759358
4.759358
4.759358
4.759358
4.700855
4.700855
4.700855
4.759358
4.700855
4.759358
4.759358
4.759358
4.759358
4.759358
4.759358
4.700855
4.700855
4.759358
4.759358
4.700855
4.700855
4.700855
4.700855
4.700855
4.700855
4.700855
4.759358
4.700855
4.700855
4.700855
4.700855
4.700855
4.700855
4.700855
4.700855
4.700855
4.700855
4.700855
4.700855
4.700855
4.700855
4.700855
4.700855
4.700855
4.700855
4.700855
4.700855
4.700855
4.700855
4.700855
4.700855
4.700855
4.700855
4.700855
4.642476
4.700855
4.700855
4.642476
4.642476
4.642476
4.700855
4.642476
4.642476
4.700855
4.642476
4.642476
4.642476
4.642476
4.642476
4.700855
4.642476
4.584222
4.642476
4.642476
4.642476
4.642476
4.642476
4.642476
4.642476
4.642476
4.584222
4.642476
4.642476
4.642476
4.642476
4.642476
4.642476
4.642476
4.642476
4.642476
4.584222
4.584222
4.642476
4.642476
4.584222
4.642476
4.642476
4.642476
4.642476
4.584222
4.584222
4.642476
4.642476
4.642476
4.642476
4.584222
4.584222
4.642476
4.584222
4.584222
4.584222
4.584222
4.584222
4.584222
4.584222
4.584222
4.584222
4.584222
4.642476
4.584222
4.642476
4.584222
4.584222
4.584222
4.584222
4.584222
4.526092
4.526092
4.584222
4.584222
4.584222
4.584222
4.526092
4.584222
4.584222
4.584222
4.584222
4.584222
4.584222
4.584222
4.526092
4.584222
4.584222
4.584222
4.584222
4.584222
4.584222
4.584222
4.584222
4.584222
4.584222
4.584222
4.584222
4.526092
4.584222
4.526092
4.526092
4.584222
4.526092
4.584222
4.584222
4.526092
4.584222
4.526092
4.526092
4.526092
4.526092
4.526092
4.526092
4.584222
4.526092
4.526092
4.526092
4.526092
4.526092
4.526092
4.526092
4.526092
4.526092
4.526092
4.526092
4.526092
4.526092
4.584222
4.526092
4.526092
4.526092
4.526092
4.526092
4.526092
4.526092
4.526092
4.526092
4.468085
4.526092
4.468085
4.526092
4.526092
4.468085
4.526092
4.468085
4.526092
4.526092
4.468085
4.468085
4.526092
4.468085
4.468085
4.526092
4.468085
4.468085
4.526092
4.526092
4.526092
4.526092
4.526092
4.468085
4.526092
4.468085
4.468085
4.468085
4.468085
4.468085
4.468085
4.468085
4.468085
4.468085
4.468085
4.526092
4.468085
4.468085
4.468085
4.468085
4.468085
4.526092
4.526092
4.526092
4.410202
4.526092
4.468085
4.468085
4.468085
4.526092
4.468085
4.468085
4.468085
4.468085
4.468085
4.468085
4.468085
4.468085
4.410202
4.468085
4.468085
4.468085
4.410202
4.468085
4.468085
4.410202
4.468085
4.410202
4.410202
4.410202
4.468085
4.468085
4.468085
4.468085
4.410202
4.468085
4.468085
4.410202
4.410202
4.468085
4.468085
4.468085
4.410202
4.468085
4.468085
4.410202
4.410202
4.410202
4.468085
4.410202
4.410202
4.410202
4.468085
4.410202
4.410202
4.410202
4.410202
4.410202
4.410202
4.410202
4.410202
4.410202
4.410202
4.410202
4.410202
4.410202
4.410202
4.410202
4.410202
4.410202
4.410202
4.410202
4.352442
4.410202
4.410202
4.352442
4.410202
4.410202
4.410202
4.410202
4.410202
4.410202
4.410202
4.410202
4.410202
4.410202
4.410202
4.410202
4.352442
4.352442
4.410202
4.352442
4.352442
4.352442
4.352442
4.410202
4.352442
4.410202
4.352442
4.352442
4.410202
4.352442
4.352442
4.294804
4.352442
4.352442
4.410202
4.352442
4.352442
4.352442
4.352442
4.352442
4.352442
4.352442
4.352442
4.352442
4.352442
4.352442
4.352442
4.352442
4.410202
4.352442
4.352442
4.352442
4.352442
4.352442
4.352442
4.352442
4.352442
4.410202
4.352442
4.352442
4.352442
4.294804
4.352442
4.352442
4.352442
4.352442
4.352442
4.352442
4.294804
4.352442
4.352442
4.352442
4.352442
4.352442
4.352442
4.352442
4.352442
4.352442
4.294804
4.352442
4.352442
4.352442
4.294804
4.352442
4.352442
4.352442
4.352442
4.294804
4.294804
4.294804
4.352442
4.352442
4.352442
4.352442
4.294804
4.294804
4.352442
4.352442
4.294804
4.294804
4.294804
4.294804
4.352442
4.294804
4.294804
4.352442
4.294804
4.352442
4.294804
4.294804
4.294804
4.294804
4.294804
4.294804
4.294804
4.294804
4.352442
4.294804
4.294804
4.294804
4.294804
4.352442
4.294804
4.294804
4.294804
4.294804
4.294804
4.294804
4.294804
4.294804
4.294804
4.294804
4.294804
4.294804
4.294804
4.294804
4.294804
4.237288
4.294804
4.294804
4.294804
4.294804
4.294804
4.294804
4.294804
4.294804
4.294804
4.294804
4.237288
4.294804
4.294804
4.294804
4.294804
4.294804
4.294804
4.294804
4.294804
4.237288
4.294804
4.237288
4.294804
4.294804
4.237288
4.294804
4.294804
4.294804
4.294804
4.294804
4.294804
4.352442
4.352442
4.352442
4.352442
4.352442
4.352442
4.352442
4.352442
4.352442
4.352442
4.410202
4.410202
4.410202
4.410202
4.468085
4.468085
4.468085
4.468085
4.526092
4.468085
4.526092
4.526092
4.584222
4.584222
4.584222
4.584222
4.584222
4.584222
4.642476
4.642476
4.584222
4.642476
4.642476
4.642476
4.642476
4.700855
4.642476
4.700855
4.759358
4.700855
4.700855
4.700855
4.700855
4.700855
4.759358
4.700855
4.759358
4.759358
4.759358
4.759358
4.700855
4.759358
4.759358
4.759358
4.759358
4.759358
4.759358
4.700855
4.759358
4.759358
4.700855
4.759358
4.759358
4.759358
4.759358
4.759358
4.759358
4.817987
4.759358
4.759358
4.700855
4.759358
4.759358
4.700855
4.759358
4.759358
4.759358
4.700855
4.759358
4.759358
4.759358
4.759358
4.759358
4.700855
4.759358
4.700855
4.759358
4.759358
4.759358
4.759358
4.700855
4.759358
4.759358
4.700855
4.759358
4.700855
4.759358
4.759358
4.759358
4.700855
4.700855
4.700855
4.759358
4.700855
4.700855
4.700855
4.700855
4.700855
4.700855
4.700855
4.700855
4.700855
4.759358
4.700855
4.700855
4.700855
4.700855
4.700855
4.700855
4.700855
4.700855
4.700855
4.700855
4.700855
4.759358
4.700855
4.700855
4.700855
4.700855
4.700855
4.700855
4.700855
4.700855
4.759358
4.700855
4.700855
4.700855
4.759358
4.700855
4.700855
4.700855
4.700855
4.700855
4.700855
4.700855
4.700855
4.700855
4.700855
4.700855
4.700855
4.642476
4.642476
4.700855
4.700855
4.642476
4.700855
4.642476
4.700855
4.642476
4.700855
4.642476
4.642476
4.642476
4.642476
4.642476
4.700855
4.642476
4.700855
4.642476
4.642476
4.642476
4.642476
4.642476
4.642476
4.642476
4.642476
4.642476
4.642476
4.642476
4.642476
4.642476
4.642476
4.642476
4.642476
4.642476
4.642476
4.700855
4.642476
4.642476
4.642476
4.642476
4.642476
4.642476
4.642476
4.584222
4.584222
4.642476
4.642476
4.642476
4.642476
4.642476
4.642476
4.642476
4.642476
4.642476
4.642476
4.584222
4.584222
4.642476
4.584222
4.642476
4.584222
4.584222
4.584222
4.642476
4.584222
4.642476
4.584222
4.642476
4.584222
4.584222
4.642476
4.642476
4.584222
4.642476
4.642476
4.642476
4.584222
4.584222
4.584222
4.642476
4.642476
4.584222
4.584222
4.584222
4.642476
4.642476
4.584222
4.584222
4.584222
4.584222
4.584222
